95436685
torch.Size([2, 64, 64, 512])
torch.Size([73728, 7])
tensor([[8.7991e+02, 5.1197e+02, 8.7999e+02, 5.1227e+02, 0.0000e+00, 5.7197e-01,
         0.0000e+00],
        [4.1611e+02, 2.7210e+02, 4.1632e+02, 2.7230e+02, 0.0000e+00, 5.7237e-01,
         1.0000e+00],
        [7.0417e+02, 8.4786e+02, 7.0509e+02, 8.4843e+02, 1.0000e+00, 5.2868e-01,
         1.0000e+00],
        [4.9588e+02, 2.0769e+02, 4.9613e+02, 2.0803e+02, 1.0000e+00, 5.6343e-01,
         1.0000e+00],
        [2.3977e+02, 3.8412e+02, 2.3986e+02, 3.8480e+02, 0.0000e+00, 5.6201e-01,
         1.0000e+00],
        [3.0371e+02, 1.7605e+02, 3.0419e+02, 1.7610e+02, 1.0000e+00, 4.6718e-01,
         2.0000e+00],
        [4.3232e+02, 2.3991e+02, 4.3291e+02, 2.4084e+02, 1.0000e+00, 4.4617e-01,
         4.0000e+00],
        [1.5803e+01, 9.2771e+02, 1.5885e+01, 9.2866e+02, 0.0000e+00, 4.3385e-01,
         4.0000e+00],
        [9.5982e+02, 6.8784e+02, 9.6014e+02, 6.8852e+02, 0.0000e+00, 5.0189e-01,
         4.0000e+00],
        [7.9952e+02, 5.9206e+02, 7.9984e+02, 5.9215e+02, 1.0000e+00, 4.8873e-01,
         5.0000e+00],
        [1.9139e+02, 4.7956e+02, 1.9316e+02, 4.7993e+02, 0.0000e+00, 4.5478e-01,
         5.0000e+00],
        [1.5954e+02, 5.5950e+02, 1.5986e+02, 5.5953e+02, 1.0000e+00, 5.2187e-01,
         5.0000e+00],
        [3.0425e+02, 8.6399e+02, 3.0428e+02, 8.6415e+02, 1.0000e+00, 4.8836e-01,
         7.0000e+00],
        [6.3760e+01, 9.2790e+02, 6.4598e+01, 9.2926e+02, 0.0000e+00, 4.3528e-01,
         8.0000e+00],
        [3.3578e+02, 6.4024e+02, 3.3652e+02, 6.4243e+02, 1.0000e+00, 5.3778e-01,
         8.0000e+00],
        [3.3559e+02, 8.0263e+01, 3.3670e+02, 8.0874e+01, 1.0000e+00, 4.8267e-01,
         8.0000e+00]], grad_fn=<IndexBackward0>)
torch.Size([16, 7])
1 0
2 1
4 2
5 4
7 5
8 7
7
torch.Size([22, 7])
[tensor([[8.7991e+02, 5.1197e+02, 8.7999e+02, 5.1227e+02, 0.0000e+00, 5.7197e-01,
         0.0000e+00],
        [4.1611e+02, 2.7210e+02, 4.1632e+02, 2.7230e+02, 0.0000e+00, 5.7237e-01,
         1.0000e+00]], grad_fn=<SliceBackward0>), tensor([[4.1611e+02, 2.7210e+02, 4.1632e+02, 2.7230e+02, 0.0000e+00, 5.7237e-01,
         1.0000e+00],
        [7.0417e+02, 8.4786e+02, 7.0509e+02, 8.4843e+02, 1.0000e+00, 5.2868e-01,
         1.0000e+00],
        [4.9588e+02, 2.0769e+02, 4.9613e+02, 2.0803e+02, 1.0000e+00, 5.6343e-01,
         1.0000e+00],
        [2.3977e+02, 3.8412e+02, 2.3986e+02, 3.8480e+02, 0.0000e+00, 5.6201e-01,
         1.0000e+00],
        [3.0371e+02, 1.7605e+02, 3.0419e+02, 1.7610e+02, 1.0000e+00, 4.6718e-01,
         2.0000e+00]], grad_fn=<SliceBackward0>), tensor([[303.7149, 176.0497, 304.1889, 176.1011,   1.0000,   0.4672,   2.0000],
        [432.3218, 239.9122, 432.9099, 240.8439,   1.0000,   0.4462,   4.0000]],
       grad_fn=<SliceBackward0>), tensor([[4.3232e+02, 2.3991e+02, 4.3291e+02, 2.4084e+02, 1.0000e+00, 4.4617e-01,
         4.0000e+00],
        [1.5803e+01, 9.2771e+02, 1.5885e+01, 9.2866e+02, 0.0000e+00, 4.3385e-01,
         4.0000e+00],
        [9.5982e+02, 6.8784e+02, 9.6014e+02, 6.8852e+02, 0.0000e+00, 5.0189e-01,
         4.0000e+00],
        [7.9952e+02, 5.9206e+02, 7.9984e+02, 5.9215e+02, 1.0000e+00, 4.8873e-01,
         5.0000e+00]], grad_fn=<SliceBackward0>), tensor([[7.9952e+02, 5.9206e+02, 7.9984e+02, 5.9215e+02, 1.0000e+00, 4.8873e-01,
         5.0000e+00],
        [1.9139e+02, 4.7956e+02, 1.9316e+02, 4.7993e+02, 0.0000e+00, 4.5478e-01,
         5.0000e+00],
        [1.5954e+02, 5.5950e+02, 1.5986e+02, 5.5953e+02, 1.0000e+00, 5.2187e-01,
         5.0000e+00],
        [3.0425e+02, 8.6399e+02, 3.0428e+02, 8.6415e+02, 1.0000e+00, 4.8836e-01,
         7.0000e+00]], grad_fn=<SliceBackward0>), tensor([[3.0425e+02, 8.6399e+02, 3.0428e+02, 8.6415e+02, 1.0000e+00, 4.8836e-01,
         7.0000e+00],
        [6.3760e+01, 9.2790e+02, 6.4598e+01, 9.2926e+02, 0.0000e+00, 4.3528e-01,
         8.0000e+00]], grad_fn=<SliceBackward0>), tensor([[6.3760e+01, 9.2790e+02, 6.4598e+01, 9.2926e+02, 0.0000e+00, 4.3528e-01,
         8.0000e+00],
        [3.3578e+02, 6.4024e+02, 3.3652e+02, 6.4243e+02, 1.0000e+00, 5.3778e-01,
         8.0000e+00],
        [3.3559e+02, 8.0263e+01, 3.3670e+02, 8.0874e+01, 1.0000e+00, 4.8267e-01,
         8.0000e+00]], grad_fn=<SliceBackward0>)]
tensor([[8.7991e+02, 5.1197e+02, 8.7999e+02, 5.1227e+02, 0.0000e+00, 5.7197e-01,
         0.0000e+00],
        [4.1611e+02, 2.7210e+02, 4.1632e+02, 2.7230e+02, 0.0000e+00, 5.7237e-01,
         1.0000e+00],
        [7.0417e+02, 8.4786e+02, 7.0509e+02, 8.4843e+02, 1.0000e+00, 5.2868e-01,
         1.0000e+00],
        [4.9588e+02, 2.0769e+02, 4.9613e+02, 2.0803e+02, 1.0000e+00, 5.6343e-01,
         1.0000e+00],
        [2.3977e+02, 3.8412e+02, 2.3986e+02, 3.8480e+02, 0.0000e+00, 5.6201e-01,
         1.0000e+00],
        [3.0371e+02, 1.7605e+02, 3.0419e+02, 1.7610e+02, 1.0000e+00, 4.6718e-01,
         2.0000e+00],
        [4.3232e+02, 2.3991e+02, 4.3291e+02, 2.4084e+02, 1.0000e+00, 4.4617e-01,
         4.0000e+00],
        [1.5803e+01, 9.2771e+02, 1.5885e+01, 9.2866e+02, 0.0000e+00, 4.3385e-01,
         4.0000e+00],
        [9.5982e+02, 6.8784e+02, 9.6014e+02, 6.8852e+02, 0.0000e+00, 5.0189e-01,
         4.0000e+00],
        [7.9952e+02, 5.9206e+02, 7.9984e+02, 5.9215e+02, 1.0000e+00, 4.8873e-01,
         5.0000e+00],
        [1.9139e+02, 4.7956e+02, 1.9316e+02, 4.7993e+02, 0.0000e+00, 4.5478e-01,
         5.0000e+00],
        [1.5954e+02, 5.5950e+02, 1.5986e+02, 5.5953e+02, 1.0000e+00, 5.2187e-01,
         5.0000e+00],
        [3.0425e+02, 8.6399e+02, 3.0428e+02, 8.6415e+02, 1.0000e+00, 4.8836e-01,
         7.0000e+00],
        [6.3760e+01, 9.2790e+02, 6.4598e+01, 9.2926e+02, 0.0000e+00, 4.3528e-01,
         8.0000e+00],
        [3.3578e+02, 6.4024e+02, 3.3652e+02, 6.4243e+02, 1.0000e+00, 5.3778e-01,
         8.0000e+00],
        [3.3559e+02, 8.0263e+01, 3.3670e+02, 8.0874e+01, 1.0000e+00, 4.8267e-01,
         8.0000e+00]], grad_fn=<IndexBackward0>)
